2
1024 768
1280      0    512
   0   1280    384
   0      0      1
0 0 0 0
0.0268528889865 0.980155050755 0.196405261755
0.180102914572 0.188517227769 -0.965413987637
-0.983281135559 0.0612973198295 -0.171466544271
0.384945124388 0.594622671604 10.3625822067
1024 768
1280      0    512
   0   1280    384
   0      0      1
0 0 0 0
-0.142567515373 0.975750088692 -0.166091307998
0.080210082233 -0.155863970518 -0.984516501427
-0.986529707909 -0.153682261705 -0.0560438595712
-2.48079681396 0.467178046703 10.4643278122
