2
1024 768
1280      0    512
   0   1280    384
   0      0      1
0 0 0 0
0.087155804038 0.996194720268 0.0
0.172987341881 -0.0151344416663 -0.984807729721
-0.981060266495 0.0858317092061 -0.173648133874
-0.373460680246 0.724578678608 10.2876386642
1024 768
1280      0    512
   0   1280    384
   0      0      1
0 0 0 0
-0.0871557667851 0.996194720268 0.0
0.172987341881 0.0151344360784 -0.984807729721
-0.981060266495 -0.0858316794038 -0.173648133874
0.373460292816 0.724578678608 10.2876386642
